5
186 627
44012 66757 35394 65039 26372 91563 77357 61786 17305 83675 97492 80833 98150 97397 20205 19377 43849 59547 11749 62573 61125 47096 48532 21011 40657 37308 33862 20232 4352 13613 50038 83645 31021 19684 2400 96993 24931 67326 45179 16571 79610 78316 72338 84848 97234 5182 77333 37952 12593 74361 21410 45765 76095 61993 71509 21640 45271 56543 28847 66116 88547 33431 2825 88120 26404 98905 5909 21276 36139 715 85827 64852 85908 12386 94914 78286 4199 538 79684 20446 73742 55744 99227 978 34204 23938 46785 6804 93061 82192 4212 24997 35432 28409 37692 86144 59137 60571 28557 16231 87553 46982 63051 44468 79939 93518 1157 64264 34008 67768 51333 41435 75812 96278 45736 7449 2090 53972 35498 79072 58662 2912 79515 48885 7474 90117 49055 8037 90167 34585 40869 13143 77290 11360 56464 83305 82236 13644 79938 99852 67866 76638 13725 79545 62016 21408 46458 77226 32979 27811 71191 96378 26104 60528 22245 60472 87891 56412 52028 6706 90615 57006 37368 41355 1467 11922 83705 51385 53085 76566 87650 12002 35383 97588 34183 19545 83082 50377 73088 18976 96128 89255 68513 15523 22347 25511 92758 5174 49233 24843 68016 47904 80376 91794 92504 56355 87178 60541 12393 69887 62074 59927 61012 99599 11123 55219 1817 29618 11621 12844 31486 44353 32092 90924 97734 93638 68051 50703 24201 73511 57745 71887 18634 29597 95655 80203 71790 29674 73553 41696 88275 91411 7645 32896 5008 99352 25678 80809 66022 34899 26822 92716 57038 53908 67714 87460 47128 44319 86193 51811 89586 91988 70711 58463 48315 87716 28302 21724 57832 13253 56578 40177 88041 8247 16622 56245 730 65650 37806 22544 10219 82743 19232 42559 95146 71826 59777 29479 16779 75173 75417 3143 7893 31889 31557 92960 34887 88377 65970 6590 65084 77247 41660 63308 95558 24993 54424 55867 63253 20399 5983 54895 65443 35508 37488 90847 47603 95244 55607 35175 67518 6138 92242 39908 69542 21586 70765 11673 19762 6082 8626 25743 14195 6294 28881 51415 66276 89697 21690 67354 37857 76424 54853 69924 25959 20480 52329 21546 29862 77157 8615 35389 29441 20683 26631 94835 90874 65371 75770 74279 28981 20969 62663 93425 92202 54318 75447 18786 98336 44322 83116 17346 44980 17464 96275 72510 59782 65002 28698 42276 63759 59251 1031 6019 30405 83969 55084 37593 19734 47795 18376 14839 87446 28348 5151 19073 70981 64112 76827 91901 79498 31468 30344 92138 55477 52081 46869 53869 37281 91156 30582 89813 79105 75407 23595 71458 52894 63180 69417 13795 22088 94422 98015 13886 76467 71293 3826 54229 44239 11843 44438 97545 32316 35689 21108 52439 38849 6775 1081 9993 93977 1434 77808 344 30878 93860 84776 52157 4796 24455 21478 11787 68668 90741 60109 13600 47409 22291 47210 81801 65132 59248 92654 47725 73421 88501 6592 29803 24150 52684 20712 35641 16427 46917 56517 70232 12225 79241 69623 85409 76143 5760 58032 22316 13834 40547 19495 27762 3823 12198 67588 48025 13412 79102 4051 15221 82500 97326 81664 6384 94277 87186 29463 32687 47565 48792 16008 71146 90208 47131 57759 86435 17730 44459 71940 37585 18309 85949 64814 38780 11258 29545 10778 28031 83452 87372 3126 41070 43231 18326 80082 9287 79095 66247 25989 30008 3496 44102 77351 66677 98504 52703 64757 97488 92914 50121 27839 94391 49497 2165 43632 64892 34437 53117 3520 52997 37612 69343 11946 54886 78109 93436 27139 88039 25857 40896 71742 9203 67663 68637 13754 84643 49246 82995 11695 42626 2565 40453 71512 12845 39957 67906 2792 54223 72375 81745 42275 89151 21262 60226 78869 13880 6581 52361 85408 49166 26367 8207 76837 42569 86643 32280 96428 58401 10204 55312 37231 66530 19554 51930 21864 10014 14537 27875 47916 75707 45348 53058 25781 23837 96965 98781 46295 57728 33868 16186 71351 85298 28369 12425 95227 2518 31773 91171 84779 40434 34817
223 61
67209 92901 49346 28648 32809 85981 5987 98643 96932 24310 86214 22982 56989 23058 52918 41447 87943 92496 56546 59797 25092 86715 99251 64519 47179 20192 70624 49586 97637 77833 1390 72450 13879 88062 55484 94253 74867 36742 74938 25097 96033 94087 78758 25424 445 14053 26994 99347 33398 79362 16730 29876 18795 92175 99348 2454 70160 65536 96712 12634 38055
243 10
62162 28938 92172 64527 30870 91058 49656 45330 68309 66439
309 1
93427
0 727
88883 38524 48843 37732 21970 73747 73395 8498 75281 37467 64637 82464 86286 76083 24711 22466 53950 36841 5270 83434 5367 5189 62318 74751 55969 81403 17964 51423 70972 63562 10917 48372 13493 76002 33991 28336 48818 54201 57390 38647 24401 1211 9456 10625 75995 14822 12275 46282 97863 79689 7682 14173 68888 1140 78655 72314 81339 76877 44642 57030 41026 10503 69087 73186 45465 23906 64787 53513 53758 72364 46544 27775 1113 66304 68301 50465 61493 58713 44134 3529 66121 74098 81623 32918 42534 11902 70269 15204 91673 40984 9019 21811 80273 70868 72138 65042 39882 30687 73656 37930 38292 33848 40516 60242 35648 76980 6835 71163 33625 24649 87310 36645 5079 23148 38684 23978 79297 1214 31782 65174 53973 97166 47517 15333 48899 96638 29189 59211 81709 35811 24398 39320 48639 96534 38663 89406 34982 35505 36539 57501 66358 92785 41011 86743 7721 40925 67876 26475 65755 17006 14074 53624 7727 28604 59884 68808 22701 91663 43310 61160 29986 87239 86087 19922 11538 5139 13602 90494 32611 60272 45402 43051 46276 6306 14828 54938 16942 36521 64658 11058 45692 28666 35323 44253 24483 75189 73069 31741 80096 64369 61939 23850 84627 70302 26116 2040 86836 26706 51226 51789 31424 23499 87177 33786 57630 94390 50369 85398 9390 77285 38097 1604 21486 44591 87766 11728 32871 33989 15223 87795 80983 23315 52202 50989 75764 54116 95746 9049 68037 22084 62870 61327 1803 74101 90817 72080 55407 62272 21334 64747 6851 33849 63810 76917 56243 34292 96846 21785 3176 5422 65370 83702 97319 65357 8913 17276 46054 19529 18611 34123 84351 29478 97946 16389 7841 9097 53647 74093 46649 97076 27350 40658 59002 92699 8517 12429 34409 63455 25861 79889 55030 89916 12733 52261 54777 71358 52723 91822 71006 12428 33084 29604 73552 5327 47498 23953 72753 30737 92907 62918 22318 41609 42709 3616 72028 42677 64123 61269 91851 7856 37946 2702 52450 64882 48941 9967 27044 37294 64886 77346 50371 65562 86191 77593 58686 47588 2226 43311 12775 94159 47500 70393 24161 90170 75811 71836 81120 81808 37289 78709 34621 55299 81939 41083 79345 44395 86874 92816 25214 71593 44804 97456 42134 11750 82491 73889 15339 55353 23552 56664 73912 68271 3739 52268 77628 92391 68542 87718 13565 94407 77051 55912 22595 26075 84190 88786 72695 29231 2022 64545 15218 24317 2212 26516 91474 13221 60633 36128 92089 97277 45889 61743 27318 57423 69771 12734 44001 58084 95151 80121 6728 44384 95335 13372 74578 40020 50486 23782 25284 26212 18039 52162 21177 19930 78622 39997 64226 9954 32814 5200 47555 34992 89343 96696 42093 70209 22715 79565 92726 87888 86264 94155 1574 35306 77709 21540 89306 72135 69459 25481 69008 4556 9818 6579 16094 15174 19166 50079 20698 80884 40818 43418 56056 9593 62665 19975 52745 71732 312 91103 118 8511 33406 11109 98496 54676 45013 21144 98418 49059 75669 79227 48294 51310 34785 57823 25906 46607 91242 78763 16023 61116 22552 95416 53448 16512 9692 4954 36126 64712 57860 50776 15899 29870 22057 54069 30658 51513 73116 57766 46253 45762 23188 39004 77819 10012 76048 84152 67860 86334 23050 56085 16626 78731 26745 2841 5840 31188 53652 64323 35940 95154 99544 33860 36821 70911 3934 7244 38386 248 70829 79807 50906 5406 588 54415 92604 37 82803 1766 10902 40520 72439 5284 66838 32395 7444 59456 95348 52945 10276 2596 84565 80562 22209 68533 44325 89628 20884 29954 56614 47690 41320 65045 26298 46132 84574 65555 80205 30832 52898 22689 22219 86500 514 6521 10170 86305 4127 93073 28135 70210 87618 90057 65312 74382 18206 43695 44370 86882 26126 61898 24445 25283 77435 47796 46768 36864 11930 97499 79626 26439 61196 78678 52838 99827 17254 55613 52257 83911 50307 89660 58267 78297 31016 14768 25053 95110 71874 84784 63300 51101 46259 38074 83557 34647 23302 69246 89136 24479 49943 65008 40461 65677 48870 18560 27200 31053 1190 98243 68700 94486 76934 6240 85280 90804 35230 60042 57744 87763 51027 70433 80235 18981 72525 52576 58203 3735 7448 11559 54107 66880 70606 17954 24331 5260 8936 13307 46084 49357 82673 31074 87589 27433 66559 16802 44160 16701 27255 90929 96826 12813 11670 69088 1204 79876 45906 78746 28071 12859 48482 35953 4238 6582 45845 70827 32913 28193 1162 33137 26015 39917 45197 97726 51768 41460 18584 86938 9700 71086 4227 14008 82321 64386 21783 29601 8935 69036 76018 54412 21532 10436 28938 98643 59137 13143 47409
